[wallpaper-298114.jpeg]
filters=crop64=1,6b40750c30bffff;
crop=rect64(6b40750c30bffff)
moddate=00005ff9b4cc0000
width=1680
height=1050
text=1;151;17;Nails&#010;for&#010;Nickels;Noteworthy Light;0.181040,0.076397,0.259048,0.000000;v1,4294967295,4278190080,128.000000,1.000000,0.000000,1.000000,400,256,49152;;
textactive=1
